ID,Size,Predicted,Actual
0,120,0.0,NO
1,22,0.0,NO
2,75,0.0,NO
3,135,0.0,NO
4,79,0.0,NO
5,91,0.0,NO
6,70,0.0,NO
7,57,0.0,NO
8,70,0.0,NO
9,59,0.0,NO
10,88,0.0,NO
11,40,0.0,NO
12,104,0.0,NO
13,196,0.0,NO
14,202,0.0,NO
15,97,0.0,NO
16,99,0.0,NO
17,96,0.0,NO
18,189,0.0,NO
19,151,0.0,NO
20,153,0.0,NO
21,199,0.0,NO
22,90,0.0,NO
23,115,0.0,NO
24,62,0.0,NO
25,61,0.0,NO
26,91,0.0,NO
27,81,0.0,NO
28,91,0.0,NO
29,67,0.0,NO
30,88,0.0,NO
31,85,0.0,NO
32,49,0.0,NO
33,102,0.0,NO
34,94,0.0,NO
35,72,0.0,NO
36,70,0.0,NO
37,87,0.0,NO
38,166,0.0,NO
39,116,0.0,NO
40,155,0.0,NO
41,67,0.0,NO
42,88,0.0,NO
43,40,0.0,NO
44,57,0.0,NO
45,39,0.0,NO
46,98,0.0,NO
47,106,0.0,NO
48,101,0.0,NO
49,94,0.0,NO
50,76,0.0,NO
51,116,0.0,NO
52,56,0.0,NO
53,48,0.0,NO
54,82,0.0,NO
55,45,0.0,NO
56,45,0.0,NO
57,30,0.0,NO
58,78,0.0,NO
59,302,0.0,NO
60,87,0.0,NO
61,198,0.0,NO
62,175,0.0,NO
63,65,0.0,NO
64,105,0.0,NO
65,58,0.0,NO
66,196,0.0,NO
67,106,0.0,NO
68,130,0.0,NO
69,64,0.0,NO
70,132,0.0,NO
71,62,0.0,NO
72,108,0.0,YES
73,432,0.0,NO
74,174,0.0,NO
75,246,0.0,YES
76,106,0.0,YES
77,121,0.0,NO
78,110,0.0,NO
79,58,0.0,NO
80,37,0.0,NO
81,77,0.0,NO
82,142,0.0,NO
83,114,0.0,NO
84,80,0.0,NO
85,59,0.0,NO
86,69,0.0,NO
87,95,0.0,NO
88,64,0.0,NO
89,164,0.0,YES
90,70,0.0,NO
91,32,0.0,NO
92,148,0.0,NO
93,156,0.0,NO
94,119,0.0,NO
95,116,0.0,NO
96,93,0.0,NO
97,256,0.0,YES
98,123,0.0,NO
99,201,0.0,NO
100,180,0.0,NO
101,156,0.0,NO
102,98,0.0,NO
103,86,0.0,YES
104,48,0.0,NO
105,143,0.0,YES
106,145,0.0,NO
107,113,0.0,NO
108,260,0.0,NO
109,618,0.0,YES
110,39,0.0,NO
111,39,0.0,NO
112,39,0.0,NO
113,24,0.0,NO
114,62,0.0,NO
115,77,0.0,NO
116,77,0.0,NO
117,54,0.0,NO
118,92,0.0,NO
119,58,0.0,NO
120,24,0.0,NO
121,64,0.0,NO
122,216,0.0,NO
123,36,0.0,NO
124,36,0.0,NO
125,208,0.0,NO
126,64,0.0,YES
127,39,0.0,NO
128,47,0.0,NO
129,74,0.0,NO
130,71,0.0,NO
131,123,0.0,YES
132,44,0.0,NO
133,122,0.0,YES
134,53,0.0,NO
135,239,0.0,YES
136,44,0.0,NO
137,171,0.0,NO
138,523,0.0,YES
139,132,0.0,YES
140,178,0.0,YES
141,130,0.0,YES
142,460,0.0,YES
143,71,0.0,YES
144,447,0.0,YES
145,225,0.0,NO
146,42,0.0,NO
147,44,0.0,NO
148,94,0.0,NO
149,136,0.0,NO
150,27,0.0,NO
151,47,0.0,NO
152,60,0.0,NO
153,58,0.0,NO
154,56,0.0,NO
155,198,0.0,NO
156,54,0.0,YES
157,49,0.0,YES
158,32,0.0,YES
159,43,0.0,YES
160,111,0.0,YES
161,29,0.0,YES
162,49,0.0,YES
163,78,0.0,YES
164,45,0.0,NO
165,31,0.0,NO
166,30,0.0,NO
167,36,0.0,YES
168,43,0.0,YES
169,47,0.0,YES
170,35,0.0,YES
171,62,0.0,YES
172,64,0.0,YES
173,30,0.0,YES
174,154,0.0,YES
175,53,0.0,YES
176,45,0.0,YES
177,68,0.0,YES
178,68,0.0,YES
179,60,0.0,YES
180,60,0.0,NO
181,85,0.0,NO
182,92,0.0,NO
183,156,0.0,NO
184,98,0.0,NO
185,131,0.0,NO
186,194,0.0,YES
187,201,0.0,YES
188,69,0.0,YES
189,68,0.0,NO
190,52,0.0,NO
191,50,0.0,NO
192,202,0.0,NO
193,73,0.0,NO
194,42,0.0,NO
195,35,0.0,NO
196,125,0.0,NO
197,65,0.0,NO
198,48,0.0,NO
199,89,0.0,NO
200,153,0.0,NO
201,40,0.0,NO
202,64,0.0,NO
203,99,0.0,NO
204,73,0.0,NO
205,72,0.0,NO
206,51,0.0,NO
207,36,0.0,NO
208,31,0.0,NO
209,61,0.0,NO
210,74,0.0,NO
211,101,0.0,NO
212,86,0.0,NO
213,106,0.0,NO
214,91,0.0,NO
215,58,0.0,NO
216,106,0.0,NO
217,143,0.0,NO
218,52,0.0,NO
219,88,0.0,NO
220,66,0.0,NO
221,44,0.0,NO
222,158,0.0,NO
223,51,0.0,NO
224,36,0.0,NO
225,63,0.0,NO
226,110,0.0,YES
227,29,0.0,YES
228,104,0.0,YES
229,38,0.0,YES
230,44,0.0,YES
231,96,0.0,YES
232,42,0.0,YES
233,48,0.0,YES
234,36,0.0,NO
235,43,0.0,NO
236,81,0.0,YES
237,75,0.0,YES
238,81,0.0,YES
239,88,0.0,YES
240,42,0.0,NO
241,82,0.0,NO
242,55,0.0,NO
243,48,0.0,NO
244,72,0.0,NO
245,113,0.0,NO
246,55,0.0,NO
247,35,0.0,NO
248,47,0.0,NO
249,101,0.0,YES
250,109,0.0,NO
251,28,0.0,NO
252,54,0.0,NO
253,158,0.0,NO
254,52,0.0,NO
255,53,0.0,NO
256,81,0.0,NO
257,83,0.0,YES
258,63,0.0,YES
259,48,0.0,NO
260,55,0.0,NO
261,149,0.0,NO
262,263,0.0,NO
263,179,0.0,NO
264,37,0.0,NO
265,25,0.0,NO
266,30,0.0,NO
267,36,0.0,NO
268,30,0.0,NO
269,27,0.0,NO
270,37,0.0,NO
271,33,0.0,NO
272,31,0.0,NO
273,56,0.0,NO
274,101,0.0,NO
275,139,0.0,NO
276,85,0.0,NO
277,95,0.0,NO
278,60,0.0,NO
279,35,0.0,NO
280,26,0.0,NO
281,69,0.0,NO
282,64,0.0,NO
283,39,0.0,NO
284,41,0.0,NO
285,167,0.0,NO
286,66,0.0,NO
287,93,0.0,NO
288,86,0.0,YES
289,117,0.0,YES
290,90,0.0,NO
291,48,0.0,NO
292,85,0.0,NO
293,43,0.0,NO
294,90,0.0,NO
295,202,0.0,NO
296,141,0.0,YES
297,30,0.0,NO
298,29,0.0,NO
299,67,0.0,YES
300,242,0.0,NO
301,72,0.0,NO
302,50,0.0,NO
303,89,0.0,NO
304,40,0.0,NO
305,49,0.0,NO
306,249,0.0,YES
307,40,0.0,NO
308,171,0.0,NO
309,40,0.0,NO
310,32,0.0,NO
311,271,0.0,NO
312,55,0.0,NO
313,80,0.0,NO
314,28,0.0,NO
315,44,0.0,NO
316,83,0.0,NO
317,67,0.0,NO
318,36,0.0,NO
319,384,0.0,YES
320,196,0.0,NO
321,312,0.0,NO
322,120,0.0,YES
323,315,0.0,YES
324,112,0.0,NO
325,119,0.0,NO
326,146,0.0,NO
327,86,0.0,NO
328,69,0.0,NO
329,88,0.0,NO
330,42,0.0,NO
331,32,0.0,NO
332,56,0.0,NO
333,102,0.0,YES
334,56,0.0,NO
335,89,0.0,NO
336,40,0.0,NO
337,80,0.0,NO
338,46,0.0,NO
339,46,0.0,NO
340,68,0.0,NO
341,80,0.0,NO
342,66,0.0,NO
343,100,0.0,NO
344,32,0.0,YES
345,31,0.0,NO
346,36,0.0,NO
347,59,0.0,NO
348,44,0.0,NO
349,29,0.0,NO
350,280,0.0,NO
351,67,0.0,NO
352,60,0.0,NO
353,46,0.0,NO
354,133,0.0,NO
355,333,0.0,NO
356,36,0.0,NO
357,44,0.0,NO
358,823,0.0,YES
359,26,0.0,NO
360,70,0.0,NO
361,213,0.0,NO
362,192,0.0,YES
363,562,0.0,YES
364,46,0.0,NO
365,31,0.0,NO
366,83,0.0,NO
367,71,0.0,NO
368,83,0.0,NO
369,40,0.0,NO
370,32,0.0,NO
371,57,0.0,NO
372,97,0.0,YES
373,64,0.0,NO
374,94,0.0,NO
375,45,0.0,NO
376,98,0.0,NO
377,46,0.0,NO
378,46,0.0,NO
379,337,0.0,YES
380,143,0.0,NO
381,81,0.0,YES
382,132,0.0,NO
383,162,0.0,NO
384,85,0.0,NO
385,454,0.0,YES
386,316,0.0,YES
387,49,0.0,NO
388,32,0.0,NO
389,64,0.0,YES
390,105,0.0,YES
391,82,0.0,YES
392,111,0.0,NO
393,42,0.0,NO
394,63,0.0,NO
395,235,0.0,NO
396,75,0.0,NO
397,43,0.0,NO
398,33,0.0,NO
399,66,0.0,NO
400,99,0.0,NO
401,40,0.0,NO
402,160,0.0,NO
403,40,0.0,NO
404,32,0.0,NO
405,613,0.0,YES
406,328,0.0,YES
407,101,0.0,YES
408,281,0.0,YES
409,72,0.0,YES
410,121,0.0,YES
411,35,0.0,YES
412,154,0.0,YES
413,61,0.0,YES
414,58,0.0,NO
415,32,0.0,YES
416,78,0.0,YES
417,36,0.0,YES
418,102,0.0,YES
419,406,0.0,YES
420,71,0.0,YES
421,76,0.0,YES
422,124,0.0,YES
423,86,0.0,NO
424,25,0.0,NO
425,41,0.0,NO
426,213,0.0,YES
427,98,0.0,YES
428,201,0.0,YES
429,29,0.0,NO
430,75,0.0,YES
431,44,0.0,NO
432,56,0.0,YES
433,43,0.0,NO
434,240,0.0,YES
435,285,0.0,YES
436,27,0.0,NO
437,38,0.0,NO
438,27,0.0,NO
439,41,0.0,NO
440,88,0.0,YES
441,28,0.0,NO
442,364,0.0,YES
443,50,0.0,YES
444,52,0.0,YES
445,38,0.0,NO
446,52,0.0,NO
447,38,0.0,NO
448,43,0.0,NO
449,47,0.0,YES
450,50,0.0,NO
451,25,0.0,NO
452,113,0.0,YES
453,36,0.0,NO
454,116,0.0,YES
455,178,0.0,YES
456,48,0.0,NO
457,32,0.0,NO
458,34,0.0,NO
459,48,0.0,YES
460,49,0.0,YES
461,26,0.0,NO
462,51,0.0,NO
463,31,0.0,NO
464,116,0.0,YES
465,26,0.0,NO
466,30,0.0,NO
467,40,0.0,NO
468,60,0.0,YES
469,49,0.0,NO
470,58,0.0,NO
471,37,0.0,NO
472,289,0.0,YES
473,108,0.0,NO
474,63,0.0,NO
475,31,0.0,NO
476,84,0.0,YES
477,41,0.0,NO
478,28,0.0,NO
479,34,0.0,NO
480,26,0.0,NO
481,39,0.0,YES
482,164,0.0,YES
483,48,0.0,YES
484,133,0.0,YES
485,108,0.0,YES
486,111,0.0,YES
487,73,0.0,YES
488,449,0.0,YES
489,84,0.0,YES
490,38,0.0,YES
491,95,0.0,YES
492,118,0.0,YES
493,79,0.0,NO
494,60,0.0,NO
495,56,0.0,NO
496,119,0.0,YES
497,76,0.0,YES
498,87,0.0,NO
499,38,0.0,NO
500,39,0.0,NO
501,38,0.0,NO
502,40,0.0,NO
503,41,0.0,NO
504,97,0.0,NO
505,42,0.0,NO
506,34,0.0,NO
507,36,0.0,NO
508,41,0.0,NO
509,44,0.0,NO
510,37,0.0,NO
511,107,0.0,YES
512,334,0.0,NO
513,67,0.0,NO
514,88,0.0,NO
515,64,0.0,NO
516,34,0.0,NO
517,37,0.0,NO
518,71,0.0,NO
519,262,0.0,NO
520,97,0.0,NO
521,35,0.0,NO
522,85,0.0,NO
523,119,0.0,YES
524,39,0.0,YES
525,179,0.0,YES
526,120,0.0,YES
527,178,0.0,YES
528,153,0.0,YES
529,89,0.0,YES
530,50,0.0,YES
531,36,0.0,YES
532,109,0.0,YES
533,148,0.0,YES
534,137,0.0,YES
535,133,0.0,YES
536,131,0.0,NO
537,176,0.0,YES
538,70,0.0,YES
539,53,0.0,NO
540,37,0.0,YES
541,76,0.0,YES
542,71,0.0,YES
543,32,0.0,YES
544,43,0.0,YES
545,29,0.0,NO
546,24,0.0,NO
547,41,0.0,NO
548,300,0.0,YES
549,120,0.0,NO
550,137,0.0,NO
551,95,0.0,NO
552,96,0.0,NO
553,56,0.0,NO
554,40,0.0,NO
555,350,0.0,NO
556,112,0.0,NO
557,71,0.0,NO
558,93,0.0,NO
559,381,0.0,NO
560,115,0.0,NO
561,69,0.0,NO
562,98,0.0,NO
563,157,0.0,YES
564,59,0.0,NO
565,30,0.0,NO
566,57,0.0,NO
567,182,0.0,NO
568,160,0.0,NO
569,32,0.0,NO
570,24,0.0,NO
571,50,0.0,NO
572,50,0.0,NO
573,63,0.0,NO
574,116,0.0,NO
575,182,0.0,NO
576,69,0.0,NO
577,27,0.0,NO
578,67,0.0,NO
579,44,0.0,NO
580,33,0.0,NO
581,105,0.0,YES
582,81,0.0,YES
583,56,0.0,YES
584,88,0.0,YES
585,67,0.0,YES
586,72,0.0,NO
587,89,0.0,NO
588,304,0.0,NO
589,2574,1.0,YES
590,58,0.0,YES
591,32,0.0,NO
592,49,0.0,NO
593,27,0.0,NO
594,31,0.0,NO
595,72,0.0,NO
596,83,0.0,NO
597,82,0.0,YES
598,590,0.0,YES
599,242,0.0,YES
600,351,0.0,NO
601,32,0.0,NO
602,40,0.0,NO
603,452,0.0,NO
604,409,0.0,YES
605,50,0.0,NO
606,276,0.0,YES
607,124,0.0,YES
608,201,0.0,YES
609,248,0.0,YES
610,26,0.0,NO
611,22,0.0,NO
612,229,0.0,YES
613,311,0.0,YES
614,158,0.0,NO
615,423,0.0,YES
616,35,0.0,NO
617,24,0.0,NO
618,25,0.0,NO
619,119,0.0,NO
620,153,0.0,NO
621,51,0.0,NO
622,51,0.0,NO
623,41,0.0,NO
624,22,0.0,NO
625,244,0.0,NO
626,24,0.0,NO
627,27,0.0,NO
628,44,0.0,NO
629,222,0.0,NO
630,126,0.0,NO
631,216,0.0,NO
632,65,0.0,NO
633,28,0.0,NO
634,724,0.0,YES
635,252,0.0,YES
636,36,0.0,NO
637,40,0.0,NO
638,348,0.0,YES
639,369,0.0,NO
640,30,0.0,NO
641,40,0.0,NO
642,35,0.0,NO
643,80,0.0,YES
644,125,0.0,YES
645,89,0.0,YES
646,51,0.0,YES
647,55,0.0,NO
648,52,0.0,NO
649,65,0.0,NO
650,86,0.0,NO
651,116,0.0,NO
652,61,0.0,NO
653,59,0.0,NO
654,216,0.0,NO
655,270,0.0,NO
656,81,0.0,NO
657,74,0.0,NO
658,214,0.0,NO
659,79,0.0,NO
660,118,0.0,NO
661,75,0.0,NO
662,130,0.0,NO
663,81,0.0,NO
664,36,0.0,NO
665,75,0.0,YES
666,213,0.0,NO
667,26,0.0,NO
668,135,0.0,NO
669,71,0.0,NO
670,209,0.0,NO
671,189,0.0,NO
672,66,0.0,NO
673,188,0.0,NO
674,69,0.0,NO
675,65,0.0,NO
676,108,0.0,NO
677,46,0.0,NO
678,53,0.0,NO
679,447,0.0,NO
680,386,0.0,NO
681,30,0.0,NO
682,140,0.0,YES
683,41,0.0,NO
684,22,0.0,NO
685,177,0.0,NO
686,357,0.0,NO
687,243,0.0,NO
688,31,0.0,NO
689,22,0.0,NO
690,610,0.0,YES
691,249,0.0,YES
692,78,0.0,NO
693,33,0.0,NO
694,81,0.0,NO
695,64,0.0,NO
696,108,0.0,NO
697,57,0.0,NO
698,76,0.0,NO
699,79,0.0,NO
700,70,0.0,NO
701,32,0.0,NO
702,31,0.0,NO
703,37,0.0,NO
704,83,0.0,NO
705,22,0.0,NO
706,45,0.0,NO
707,177,0.0,YES
708,28,0.0,NO
709,234,0.0,NO
710,92,0.0,NO
711,325,0.0,YES
712,448,0.0,YES
713,612,0.0,YES
714,211,0.0,NO
715,52,0.0,NO
716,87,0.0,NO
717,105,0.0,NO
718,429,0.0,YES
719,35,0.0,NO
720,61,0.0,YES
721,166,0.0,YES
722,33,0.0,YES
723,113,0.0,NO
724,286,0.0,NO
725,75,0.0,NO
726,93,0.0,NO
727,52,0.0,NO
728,393,0.0,NO
729,59,0.0,NO
730,129,0.0,NO
731,24,0.0,NO
732,97,0.0,YES
733,566,0.0,YES
734,111,0.0,YES
735,87,0.0,YES
736,31,0.0,YES
737,90,0.0,YES
738,139,0.0,YES
739,171,0.0,YES
740,22,0.0,YES
741,76,0.0,YES
742,47,0.0,YES
743,256,0.0,YES
744,147,0.0,YES
745,626,0.0,NO
746,62,0.0,NO
747,405,0.0,NO
748,1158,0.0,YES
749,405,0.0,NO
750,607,0.0,NO
751,513,0.0,NO
752,703,0.0,NO
753,1389,0.0,YES
754,878,0.0,YES
755,767,0.0,YES
756,901,0.0,NO
757,751,0.0,NO
758,851,0.0,NO
759,462,0.0,NO
760,2193,0.0,YES
761,62,0.0,NO
762,457,0.0,YES
763,405,0.0,NO
764,506,0.0,NO
765,505,0.0,NO
766,1328,0.0,NO
767,2935,1.0,NO
768,713,0.0,NO
769,525,0.0,NO
770,498,0.0,NO
771,387,0.0,NO
772,914,0.0,YES
773,921,0.0,NO
774,421,0.0,NO
775,506,0.0,NO
776,800,0.0,NO
777,405,0.0,NO
778,405,0.0,NO
779,635,0.0,NO
780,640,0.0,YES
781,460,0.0,YES
782,521,0.0,NO
783,465,0.0,YES
784,113,0.0,NO
785,405,0.0,NO
786,560,0.0,NO
787,631,0.0,NO
788,405,0.0,NO
789,405,0.0,NO
790,406,0.0,NO
791,457,0.0,YES
792,470,0.0,YES
793,405,0.0,NO
794,804,0.0,YES
795,459,0.0,YES
796,754,0.0,YES
797,555,0.0,YES
798,675,0.0,YES
799,470,0.0,YES
800,474,0.0,YES
801,835,0.0,NO
802,65,0.0,NO
803,45416,0.0,YES
804,795,0.0,NO
805,555,0.0,YES
806,405,0.0,NO
807,299,0.0,NO
808,65,0.0,NO
809,74,0.0,NO
810,630,0.0,NO
811,509,0.0,NO
812,663,0.0,YES
813,566,0.0,YES
814,515,0.0,NO
815,387,0.0,NO
816,406,0.0,NO
817,513,0.0,NO
818,916,0.0,YES
819,513,0.0,NO
820,1381,0.0,YES
821,1271,0.0,YES
822,553,0.0,NO
823,532,0.0,NO
824,1445,0.0,YES
825,623,0.0,YES
826,1264,0.0,YES
827,515,0.0,NO
828,387,0.0,NO
829,460,0.0,YES
830,2143,0.0,YES
831,62,0.0,NO
832,2756,1.0,YES
833,1093,0.0,YES
834,68,0.0,NO
835,1900,0.0,NO
836,604,0.0,NO
837,1879,0.0,YES
838,43,0.0,NO
839,77,0.0,NO
840,24,0.0,NO
841,76,0.0,NO
842,64,0.0,NO
843,106,0.0,NO
844,65,0.0,YES
845,61,0.0,NO
846,51,0.0,NO
847,38,0.0,NO
848,44,0.0,NO
849,41,0.0,YES
850,40,0.0,NO
851,40,0.0,NO
852,40,0.0,NO
853,44,0.0,NO
854,39,0.0,NO
855,39,0.0,NO
856,44,0.0,NO
857,130,0.0,NO
858,140,0.0,NO
859,101,0.0,NO
860,695,0.0,NO
861,56,0.0,NO
862,52,0.0,NO
863,49,0.0,NO
864,60,0.0,NO
865,63,0.0,NO
866,31,0.0,NO
867,59,0.0,NO
868,53,0.0,NO
869,57,0.0,NO
870,164,0.0,YES
871,612,0.0,NO
872,113,0.0,NO
873,75,0.0,NO
874,26,0.0,NO
875,28,0.0,NO
876,26,0.0,NO
877,26,0.0,NO
878,152,0.0,NO
879,202,0.0,NO
880,31,0.0,NO
881,209,0.0,NO
882,30,0.0,NO
883,133,0.0,NO
884,411,0.0,NO
885,118,0.0,NO
886,58,0.0,NO
887,144,0.0,NO
888,43,0.0,NO
889,56,0.0,NO
890,35,0.0,NO
891,114,0.0,NO
892,154,0.0,NO
893,31,0.0,NO
894,157,0.0,NO
895,30,0.0,NO
896,158,0.0,NO
897,83,0.0,NO
898,153,0.0,NO
899,68,0.0,NO
900,273,0.0,NO
901,91,0.0,YES
902,56,0.0,NO
903,74,0.0,NO
904,57,0.0,NO
905,70,0.0,YES
906,67,0.0,NO
907,122,0.0,NO
908,85,0.0,NO
909,118,0.0,NO
910,70,0.0,NO
911,86,0.0,YES
912,76,0.0,NO
913,146,0.0,YES
914,88,0.0,NO
915,165,0.0,NO
916,34,0.0,NO
917,38,0.0,NO
918,39,0.0,NO
919,43,0.0,YES
920,63,0.0,YES
921,23,0.0,NO
922,22,0.0,NO
923,81,0.0,YES
924,24,0.0,NO
925,22,0.0,NO
926,53,0.0,NO
927,45,0.0,NO
928,50,0.0,NO
929,38,0.0,NO
930,31,0.0,NO
931,30,0.0,NO
932,31,0.0,NO
933,37,0.0,NO
934,31,0.0,NO
935,32,0.0,NO
936,110,0.0,YES
937,26,0.0,YES
938,211,0.0,NO
939,262,0.0,NO
940,27,0.0,NO
941,112,0.0,NO
942,109,0.0,NO
943,139,0.0,NO
944,79,0.0,YES
945,79,0.0,NO
946,82,0.0,NO
947,204,0.0,NO
948,40,0.0,NO
949,184,0.0,NO
950,50,0.0,NO
951,96,0.0,NO
952,49,0.0,NO
953,52,0.0,NO
954,31,0.0,NO
955,72,0.0,NO
956,43,0.0,NO
957,28,0.0,NO
958,116,0.0,NO
959,25,0.0,NO
960,217,0.0,NO
961,274,0.0,NO
962,75,0.0,NO
963,168,0.0,YES
964,69,0.0,YES
965,110,0.0,NO
966,94,0.0,NO
967,99,0.0,NO
968,25,0.0,NO
969,25,0.0,NO
970,33,0.0,NO
971,855,0.0,YES
972,111,0.0,NO
973,168,0.0,NO
974,54,0.0,NO
975,49,0.0,NO
976,40,0.0,NO
977,45,0.0,NO
978,61,0.0,NO
979,119,0.0,NO
980,132,0.0,NO
981,87,0.0,NO
982,516,0.0,NO
983,81,0.0,NO
984,219,0.0,NO
985,125,0.0,NO
986,363,0.0,YES
987,98,0.0,NO
988,340,0.0,NO
989,296,0.0,NO
990,54,0.0,NO
991,517,0.0,YES
992,138,0.0,NO
993,435,0.0,YES
994,184,0.0,NO
995,116,0.0,NO
996,56,0.0,NO
997,40,0.0,NO
998,350,0.0,NO
999,126,0.0,NO
1000,42,0.0,NO
1001,80,0.0,NO
1002,36,0.0,NO
1003,580,0.0,YES
1004,47,0.0,NO
1005,47,0.0,NO
1006,76,0.0,NO
1007,94,0.0,NO
1008,401,0.0,YES
1009,96,0.0,NO
1010,42,0.0,NO
1011,53,0.0,NO
1012,55,0.0,NO
1013,40,0.0,NO
1014,42,0.0,NO
1015,48,0.0,NO
1016,41,0.0,NO
1017,57,0.0,NO
1018,45,0.0,NO
1019,29,0.0,NO
1020,154,0.0,NO
1021,174,0.0,NO
1022,94,0.0,NO
1023,161,0.0,NO
1024,53,0.0,NO
1025,82,0.0,YES
1026,117,0.0,YES
1027,77,0.0,NO
1028,78,0.0,NO
1029,63,0.0,NO
1030,174,0.0,NO
1031,47,0.0,NO
1032,172,0.0,NO
1033,47,0.0,NO
1034,173,0.0,YES
1035,60,0.0,NO
1036,58,0.0,NO
1037,68,0.0,NO
1038,85,0.0,NO
1039,269,0.0,NO
1040,112,0.0,NO
1041,44,0.0,NO
1042,104,0.0,NO
1043,210,0.0,NO
1044,54,0.0,NO
1045,96,0.0,NO
1046,31,0.0,NO
1047,71,0.0,NO
1048,55,0.0,NO
1049,158,0.0,NO
1050,92,0.0,NO
1051,64,0.0,NO
1052,58,0.0,NO
1053,65,0.0,NO
1054,64,0.0,NO
1055,64,0.0,NO
1056,56,0.0,NO
1057,23,0.0,NO
1058,40,0.0,NO
1059,24,0.0,NO
1060,26,0.0,NO
1061,56,0.0,NO
1062,60,0.0,NO
1063,50,0.0,NO
1064,58,0.0,NO
1065,61,0.0,NO
1066,35,0.0,NO
1067,240,0.0,NO
1068,52,0.0,NO
1069,32,0.0,NO
1070,32,0.0,NO
1071,32,0.0,NO
1072,32,0.0,NO
1073,172,0.0,NO
1074,232,0.0,NO
1075,23,0.0,NO
1076,24,0.0,NO
1077,105,0.0,NO
1078,31,0.0,NO
1079,34,0.0,NO
1080,29,0.0,NO
1081,31,0.0,NO
1082,40,0.0,NO
1083,37,0.0,NO
1084,29,0.0,NO
1085,42,0.0,NO
1086,316,0.0,YES
1087,41,0.0,NO
1088,143,0.0,YES
1089,65,0.0,NO
1090,29,0.0,NO
1091,22,0.0,NO
1092,25,0.0,NO
1093,24,0.0,NO
1094,114,0.0,NO
1095,43,0.0,NO
1096,48,0.0,NO
1097,30,0.0,NO
1098,55,0.0,NO
1099,69,0.0,NO
1100,38,0.0,NO
1101,28,0.0,NO
1102,30,0.0,NO
1103,106,0.0,YES
1104,115,0.0,YES
1105,76,0.0,YES
1106,2610,1.0,YES
1107,199,0.0,NO
1108,84,0.0,NO
1109,22,0.0,NO
1110,31,0.0,NO
1111,33,0.0,NO
1112,236,0.0,NO
1113,412,0.0,YES
1114,399,0.0,YES
1115,106,0.0,NO
1116,25,0.0,NO
1117,52,0.0,NO
1118,52,0.0,NO
1119,65,0.0,NO
1120,72,0.0,NO
1121,39,0.0,NO
1122,48,0.0,NO
1123,42,0.0,NO
1124,87,0.0,NO
1125,55,0.0,NO
1126,57,0.0,NO
1127,100,0.0,NO
1128,42,0.0,NO
1129,179,0.0,NO
1130,100,0.0,NO
1131,42,0.0,NO
1132,38,0.0,NO
1133,61,0.0,NO
1134,24,0.0,NO
1135,61,0.0,NO
1136,180,0.0,NO
1137,38,0.0,NO
1138,57,0.0,NO
1139,51,0.0,NO
1140,60,0.0,NO
1141,48,0.0,NO
1142,51,0.0,NO
1143,186,0.0,NO
1144,52,0.0,NO
1145,53,0.0,NO
1146,56,0.0,NO
1147,37,0.0,NO
1148,111,0.0,NO
1149,63,0.0,NO
1150,62,0.0,NO
1151,139,0.0,NO
1152,76,0.0,NO
1153,60,0.0,NO
1154,43,0.0,NO
1155,31,0.0,NO
1156,45,0.0,NO
1157,85,0.0,NO
1158,37,0.0,NO
1159,27,0.0,NO
1160,65,0.0,NO
1161,86,0.0,NO
1162,34,0.0,NO
1163,83,0.0,NO
1164,31,0.0,NO
1165,32,0.0,NO
1166,31,0.0,NO
1167,31,0.0,NO
1168,84,0.0,YES
1169,209,0.0,NO
1170,67,0.0,NO
1171,72,0.0,NO
1172,26,0.0,NO
1173,103,0.0,NO
1174,29,0.0,NO
1175,36,0.0,NO
1176,33,0.0,NO
1177,29,0.0,NO
1178,44,0.0,NO
1179,29,0.0,NO
1180,29,0.0,NO
1181,25,0.0,NO
1182,48,0.0,NO
1183,56,0.0,NO
1184,26,0.0,NO
1185,40,0.0,NO
1186,184,0.0,NO
1187,32,0.0,NO
1188,53,0.0,NO
1189,36,0.0,NO
1190,28,0.0,NO
1191,22,0.0,NO
1192,193,0.0,NO
1193,372,0.0,NO
1194,580,0.0,NO
1195,361,0.0,YES
1196,33,0.0,NO
1197,24,0.0,NO
1198,28,0.0,NO
1199,25,0.0,NO
1200,25,0.0,NO
1201,26,0.0,NO
1202,46,0.0,NO
1203,64,0.0,NO
1204,158,0.0,YES
1205,24,0.0,NO
1206,24,0.0,NO
1207,312,0.0,YES
1208,26,0.0,NO
1209,31,0.0,NO
1210,94,0.0,NO
1211,61,0.0,NO
1212,96,0.0,NO
1213,217,0.0,NO
1214,521,0.0,NO
1215,56,0.0,NO
1216,69,0.0,NO
1217,160,0.0,NO
1218,142,0.0,NO
1219,149,0.0,NO
1220,47,0.0,NO
1221,173,0.0,NO
1222,33,0.0,NO
1223,30,0.0,NO
1224,857,0.0,NO
1225,59,0.0,NO
1226,986,0.0,YES
1227,121,0.0,NO
1228,183,0.0,NO
1229,32,0.0,NO
1230,32,0.0,NO
1231,26,0.0,NO
1232,174,0.0,NO
1233,31,0.0,NO
1234,24,0.0,NO
1235,38,0.0,NO
1236,119,0.0,NO
1237,150,0.0,YES
1238,26,0.0,NO
1239,45,0.0,NO
1240,23,0.0,NO
1241,23,0.0,NO
1242,23,0.0,NO
1243,33,0.0,NO
1244,47,0.0,NO
1245,29,0.0,NO
1246,35,0.0,NO
1247,68,0.0,YES
1248,22,0.0,NO
1249,48,0.0,NO
1250,37,0.0,NO
1251,92,0.0,NO
1252,31,0.0,NO
1253,32,0.0,NO
1254,36,0.0,NO
1255,31,0.0,NO
1256,46,0.0,NO
1257,26,0.0,NO
1258,52,0.0,NO
1259,36,0.0,NO
1260,65,0.0,NO
1261,91,0.0,NO
1262,41,0.0,NO
1263,48,0.0,NO
1264,38,0.0,NO
1265,35,0.0,NO
1266,130,0.0,NO
1267,38,0.0,NO
1268,37,0.0,NO
1269,51,0.0,NO
1270,36,0.0,NO
1271,51,0.0,NO
1272,76,0.0,NO
1273,44,0.0,NO
1274,42,0.0,NO
1275,46,0.0,NO
1276,42,0.0,NO
1277,113,0.0,NO
1278,53,0.0,NO
1279,56,0.0,NO
1280,61,0.0,NO
1281,49,0.0,NO
1282,38,0.0,NO
1283,53,0.0,NO
1284,43,0.0,NO
1285,29,0.0,NO
1286,48,0.0,NO
1287,96,0.0,NO
1288,95,0.0,NO
1289,51,0.0,NO
1290,29,0.0,NO
1291,22,0.0,NO
1292,142,0.0,NO
1293,41,0.0,NO
1294,175,0.0,NO
1295,53,0.0,NO
1296,56,0.0,NO
1297,27,0.0,NO
1298,95,0.0,NO
1299,40,0.0,NO
1300,42,0.0,NO
1301,59,0.0,NO
1302,55,0.0,NO
1303,38,0.0,NO
1304,69,0.0,YES
1305,31,0.0,NO
1306,50,0.0,NO
1307,29,0.0,NO
1308,38,0.0,YES
1309,39,0.0,NO
1310,217,0.0,YES
1311,40,0.0,NO
1312,27,0.0,NO
1313,84,0.0,NO
1314,62,0.0,NO
1315,80,0.0,NO
1316,59,0.0,NO
1317,87,0.0,NO
1318,93,0.0,NO
1319,107,0.0,NO
1320,73,0.0,NO
1321,107,0.0,NO
1322,76,0.0,NO
1323,92,0.0,NO
1324,24,0.0,NO
1325,33,0.0,NO
1326,31,0.0,NO
1327,63,0.0,NO
1328,77,0.0,NO
1329,25,0.0,NO
1330,26,0.0,NO
1331,125,0.0,NO
1332,201,0.0,NO
1333,172,0.0,YES
1334,204,0.0,NO
1335,49,0.0,NO
1336,38,0.0,NO
1337,182,0.0,NO
1338,94,0.0,NO
1339,138,0.0,NO
1340,25,0.0,NO
1341,25,0.0,NO
1342,36,0.0,NO
1343,26,0.0,NO
1344,44,0.0,NO
1345,52,0.0,NO
1346,50,0.0,NO
1347,75,0.0,NO
1348,28,0.0,NO
1349,31,0.0,NO
1350,41,0.0,NO
1351,26,0.0,NO
1352,39,0.0,NO
1353,26,0.0,NO
1354,30,0.0,NO
1355,25,0.0,NO
1356,33,0.0,NO
1357,44,0.0,NO
1358,23,0.0,NO
1359,80,0.0,NO
1360,78,0.0,NO
1361,26,0.0,NO
1362,84,0.0,NO
1363,91,0.0,NO
1364,26,0.0,NO
1365,85,0.0,NO
1366,67,0.0,NO
1367,124,0.0,NO
1368,26,0.0,NO
1369,25,0.0,NO
1370,76,0.0,NO
1371,109,0.0,NO
1372,24,0.0,NO
1373,27,0.0,NO
1374,47,0.0,NO
1375,185,0.0,NO
1376,96,0.0,NO
1377,97,0.0,NO
1378,23,0.0,NO
1379,154,0.0,NO
1380,47,0.0,NO
1381,176,0.0,NO
1382,36,0.0,NO
1383,32,0.0,NO
1384,30,0.0,NO
1385,37,0.0,NO
1386,33,0.0,NO
1387,32,0.0,NO
1388,289,0.0,NO
1389,66,0.0,NO
1390,439,0.0,NO
1391,751,0.0,YES
1392,147,0.0,NO
1393,47,0.0,NO
1394,171,0.0,NO
1395,92,0.0,NO
1396,60,0.0,NO
1397,34,0.0,NO
1398,361,0.0,NO
1399,60,0.0,NO
1400,28,0.0,NO
1401,50,0.0,NO
1402,35,0.0,NO
1403,117,0.0,NO
1404,238,0.0,NO
1405,59,0.0,NO
1406,72,0.0,NO
1407,200,0.0,NO
1408,44,0.0,NO
1409,217,0.0,NO
1410,42,0.0,NO
1411,87,0.0,NO
1412,265,0.0,YES
1413,52,0.0,NO
1414,40,0.0,NO
1415,81,0.0,NO
1416,79,0.0,NO
1417,40,0.0,NO
1418,48,0.0,NO
1419,43,0.0,NO
1420,44,0.0,NO
1421,43,0.0,NO
1422,42,0.0,NO
1423,57,0.0,NO
1424,32,0.0,NO
1425,59,0.0,NO
1426,60,0.0,NO
1427,60,0.0,NO
1428,60,0.0,NO
1429,45,0.0,NO
1430,48,0.0,NO
1431,126,0.0,YES
1432,214,0.0,NO
1433,94,0.0,NO
1434,68,0.0,NO
1435,356,0.0,NO
1436,37,0.0,NO
1437,63,0.0,NO
1438,24,0.0,NO
1439,37,0.0,NO
1440,267,0.0,NO
1441,92,0.0,YES
1442,54,0.0,NO
1443,53,0.0,NO
1444,44,0.0,NO
1445,35,0.0,NO
1446,578,0.0,YES
1447,33,0.0,NO
1448,66,0.0,NO
1449,27,0.0,NO
1450,568,0.0,YES
1451,67,0.0,NO
1452,27,0.0,NO
1453,177,0.0,NO
1454,59,0.0,NO
1455,68,0.0,NO
1456,156,0.0,NO
1457,277,0.0,NO
1458,252,0.0,NO
1459,43,0.0,NO
1460,43,0.0,NO
1461,38,0.0,NO
1462,134,0.0,YES
1463,41,0.0,NO
1464,62,0.0,NO
1465,128,0.0,NO
1466,47,0.0,NO
1467,121,0.0,YES
1468,210,0.0,NO
1469,505,0.0,NO
1470,76,0.0,YES
1471,43,0.0,NO
1472,44,0.0,NO
1473,70,0.0,YES
1474,142,0.0,NO
1475,125,0.0,NO
1476,185,0.0,YES
1477,132,0.0,NO
1478,64,0.0,NO
1479,2413,0.0,YES
1480,131,0.0,NO
1481,188,0.0,NO
1482,51,0.0,NO
1483,26,0.0,NO
1484,80,0.0,YES
1485,375,0.0,NO
1486,53,0.0,NO
1487,84,0.0,NO
1488,716,0.0,YES
1489,217,0.0,NO
1490,175,0.0,NO
1491,75,0.0,YES
1492,76,0.0,YES
1493,53,0.0,YES
1494,49,0.0,NO
1495,51,0.0,NO
1496,47,0.0,YES
1497,75,0.0,YES
1498,71,0.0,YES
1499,132,0.0,YES
1500,31,0.0,NO
1501,49,0.0,NO
1502,26,0.0,NO
1503,82,0.0,NO
1504,38,0.0,NO
1505,121,0.0,NO
1506,74,0.0,YES
1507,91,0.0,YES
1508,77,0.0,NO
1509,126,0.0,YES
1510,48,0.0,NO
1511,42,0.0,NO
1512,289,0.0,NO
1513,124,0.0,YES
1514,43,0.0,NO
1515,41,0.0,NO
1516,456,0.0,YES
1517,391,0.0,NO
1518,41,0.0,NO
1519,69,0.0,NO
1520,41,0.0,NO
1521,37,0.0,NO
1522,40,0.0,NO
1523,97,0.0,NO
1524,71,0.0,NO
1525,46,0.0,NO
